100 100
43 84 5 22 18 19 89 19 53 28 47 18 19 67 0 49 17 86 30 4 28 16 35 28 51 95 10 3 63 61 74 32 80 41 36 78 50 70 61 17 87 36 85 22 81 97 30 87 19 94 5 58 88 39 42 99 63 93 7 73 86 73 37 30 58 5 13 29 78 99 84 36 59 60 5 83 72 41 9 47 84 97 44 35 95 80 46 43 14 65 88 55 80 62 83 80 44 23 52 58
11 82 69 2 74 51 25 8 61 11 88 55 35 50 49 97 49 27 37 91 53 5 30 43 77 75 43 87 11 40 81 52 20 65 39 64 17 91 74 73 83 28 24 25 36 70 57 84 42 2 47 87 84 47 17 78 33 66 5 66 89 43 91 3 40 62 16 96 54 7 24 21 76 99 11 53 16 74 3 58 64 95 36 56 21 5 88 73 42 0 15 32 24 56 88 98 79 20 10 49
79 5 1 80 42 6 56 27 62 7 46 93 63 4 44 49 89 90 76 63 0 42 66 69 35 47 96 15 54 86 89 96 40 93 84 24 4 46 9 93 42 57 51 7 4 39 22 47 48 54 74 73 19 53 80 60 20 22 81 48 42 66 26 43 55 58 60 48 40 24 12 4 66 27 35 32 24 41 30 43 87 37 10 65 25 96 9 86 31 77 42 10 64 53 9 25 25 2 2 86
31 65 31 88 99 53 17 70 15 4 5 73 90 18 93 38 31 64 34 13 24 44 3 29 8 23 55 8 74 8 1 79 49 3 78 74 34 59 86 38 75 83 8 21 74 50 10 37 43 0 86 25 4 56 15 8 4 11 30 65 60 70 41 51 39 45 48 57 24 98 27 22 23 84 5 61 74 38 66 36 22 63 50 64 78 78 67 13 61 67 87 98 0 59 80 16 42 1 94 10
29 9 18 23 77 37 98 56 74 94 84 8 70 61 32 48 46 40 92 84 28 72 80 84 65 43 14 49 52 98 39 72 19 59 53 34 72 67 95 13 74 5 32 29 96 78 21 76 55 40 71 46 46 46 57 33 64 94 83 62 66 14 13 71 50 92 97 10 0 54 50 87 94 53 15 2 61 26 90 56 31 75 29 0 83 84 80 91 84 76 46 68 89 80 41 68 51 22 79 52
38 23 36 51 55 79 49 33 38 95 41 31 30 22 82 24 33 55 96 92 30 50 98 56 3 67 81 19 18 41 85 3 54 75 31 10 59 79 66 97 28 18 93 42 80 1 24 69 10 85 20 30 62 65 81 17 5 71 91 76 82 56 84 8 10 86 64 8 56 68 1 13 77 44 75 37 61 62 76 92 3 80 22 42 44 98 9 26 53 21 60 45 65 93 27 72 6 30 82 96
67 80 89 67 82 40 81 99 44 48 42 69 80 82 91 61 36 99 59 79 41 1 68 95 58 61 41 64 9 60 35 9 78 32 75 79 87 90 35 1 89 75 71 54 88 95 4 34 38 74 55 89 33 63 15 51 27 97 61 51 31 47 3 33 15 85 46 3 5 86 75 25 49 78 56 44 52 48 20 96 22 12 8 27 1 23 69 82 26 99 88 97 7 50 73 49 68 21 10 28
55 96 47 19 52 50 7 61 52 25 66 52 58 86 36 58 64 26 6 86 94 93 15 96 1 22 79 0 36 28 49 11 75 86 44 64 2 0 35 15 20 5 85 35 70 60 11 98 17 82 98 21 91 46 8 35 78 51 28 61 86 57 9 31 8 59 78 97 19 76 29 80 59 87 49 27 50 61 23 13 78 38 89 79 39 43 30 49 37 10 35 4 94 57 24 9 68 16 17 58
53 71 86 36 4 78 68 36 81 70 71 87 28 49 95 82 32 88 31 85 61 17 43 33 95 20 74 44 27 86 72 36 85 77 45 77 69 78 17 84 96 1 27 97 82 47 35 62 78 26 78 48 55 68 47 76 10 96 17 65 63 70 81 17 87 16 86 25 25 62 59 28 93 79 86 82 77 5 43 76 86 35 66 78 0 37 20 79 95 0 16 51 14 42 55 55 43 97 60 67
82 18 54 17 75 47 32 51 0 90 14 95 1 99 11 11 16 58 85 33 13 3 5 47 20 14 28 95 77 48 33 86 46 36 57 6 45 17 64 70 84 5 97 92 37 37 51 65 29 44 39 71 75 26 93 85 32 40 69 33 41 87 82 8 31 54 45 92 87 64 73 36 41 9 30 42 6 52 96 98 38 58 23 96 58 15 95 94 12 85 86 44 38 62 17 80 87 71 70 84
43 78 45 52 43 22 70 45 1 48 16 75 77 73 41 23 50 43 89 12 25 53 40 43 20 25 7 2 74 44 91 40 79 14 63 48 53 13 29 0 92 21 95 66 31 78 51 35 51 54 18 26 55 17 5 8 64 87 61 43 76 12 45 87 64 16 82 49 8 94 80 30 55 27 24 89 31 58 59 87 34 9 47 17 23 35 30 32 35 42 65 61 74 27 50 73 15 45 19 17
56 20 26 68 43 73 2 66 24 26 24 19 26 12 17 23 84 49 52 4 45 51 8 90 22 3 95 44 42 82 21 35 27 1 58 60 16 56 71 53 93 59 76 50 17 0 76 52 42 7 71 77 68 31 94 9 75 23 45 72 80 77 18 2 21 56 39 66 1 88 46 82 23 45 14 43 66 91 26 13 56 3 57 38 23 63 48 17 63 78 96 71 28 20 37 27 77 1 34 29
19 35 17 17 68 46 71 50 50 69 93 27 82 78 83 84 60 73 71 67 16 2 59 9 85 23 54 75 52 10 36 91 47 71 57 15 41 9 42 45 82 40 5 11 5 16 97 70 41 88 37 45 70 33 20 49 38 29 35 84 25 0 66 87 54 99 46 51 42 40 79 56 51 11 90 97 90 96 78 41 78 85 0 77 2 4 91 28 56 10 47 58 95 16 47 64 83 29 7 49
31 31 62 69 67 56 14 92 85 45 49 38 27 74 82 66 7 86 71 5 11 89 4 98 8 98 1 37 99 89 6 30 59 29 36 49 24 94 54 27 46 10 52 39 61 14 81 35 51 73 78 91 33 92 6 69 38 64 81 11 29 72 5 46 88 87 46 95 54 74 25 39 30 2 50 28 23 86 24 65 15 59 40 18 6 7 62 14 64 80 1 64 48 23 25 82 34 97 60 40
41 26 83 86 13 62 47 32 8 40 38 27 96 31 70 62 9 44 70 27 59 34 16 39 88 89 63 41 99 39 69 91 91 58 93 37 91 59 76 91 67 67 48 97 8 75 45 32 19 61 21 57 83 87 61 80 52 52 53 13 34 88 67 62 71 78 66 25 51 27 95 90 3 2 4 31 70 83 18 54 12 62 19 27 38 31 16 82 89 38 83 4 73 3 63 92 79 24 68 30
78 7 12 61 0 28 95 38 91 50 17 54 95 65 1 81 42 49 36 84 86 28 42 77 73 35 8 8 44 21 98 58 94 1 93 28 85 84 54 85 14 75 96 18 3 38 8 2 27 64 22 44 79 54 17 87 51 97 21 58 11 86 13 92 37 79 57 84 50 88 56 63 24 37 32 69 83 40 1 43 3 63 68 51 29 86 49 26 30 92 56 67 95 31 27 85 17 3 66 12
77 93 10 97 72 32 37 32 67 98 28 0 44 5 76 79 34 90 33 20 58 15 21 23 72 84 48 95 95 19 51 83 84 24 1 55 55 25 35 54 62 18 14 38 73 83 91 92 95 48 29 10 93 4 77 15 96 34 8 93 31 41 70 10 88 12 88 25 97 76 90 16 39 34 21 75 83 25 71 79 20 3 99 29 27 1 93 39 15 21 57 81 37 18 38 20 69 0 23 1
49 84 14 31 38 35 29 14 98 80 66 85 59 98 33 91 61 8 10 22 52 61 0 6 14 60 10 70 61 38 99 82 91 49 28 17 18 12 72 0 84 89 32 75 24 30 86 49 47 85 60 58 8 36 36 76 50 31 92 27 33 48 20 5 53 92 81 10 4 66 58 53 60 56 65 97 2 20 64 61 35 85 24 36 81 86 77 90 49 9 54 27 37 71 29 42 99 35 72 90
3 93 71 20 28 55 56 85 36 15 50 82 24 20 66 83 60 79 44 20 58 64 8 5 91 83 31 3 38 46 34 42 88 74 52 69 83 7 27 7 80 4 30 42 85 52 43 67 72 77 96 34 65 83 85 44 27 47 73 83 23 58 86 60 16 35 29 78 2 74 95 95 95 43 11 60 73 38 89 46 14 92 29 25 8 13 95 1 85 99 39 82 73 52 1 26 31 97 58 35
21 75 65 54 18 88 92 19 10 62 9 18 42 6 54 74 54 41 53 35 46 67 67 7 31 32 6 5 80 96 30 92 15 44 3 28 30 57 57 70 2 2 60 68 93 4 72 6 6 12 54 73 58 68 12 7 81 74 84 8 26 98 33 37 24 6 85 37 35 83 94 55 97 18 75 1 57 29 66 96 32 76 95 48 85 27 93 60 34 13 57 61 51 77 38 9 51 67 48 76
59 69 2 50 31 96 35 69 11 98 39 44 9 65 35 58 92 76 6 14 15 57 84 96 0 22 97 29 22 12 65 35 5 50 49 34 73 64 95 91 71 84 84 22 92 53 26 51 30 42 41 79 59 22 19 95 8 87 79 40 55 86 39 33 28 0 26 27 3 32 72 59 61 76 94 68 66 26 82 84 81 98 34 93 60 21 8 14 18 69 79 83 2 74 43 18 66 44 31 33
11 60 74 42 69 50 26 69 35 52 91 97 44 20 36 52 53 37 31 24 46 22 41 45 99 63 94 89 86 64 51 20 26 35 87 23 95 95 82 7 86 27 39 83 54 97 21 2 9 70 77 43 39 8 58 71 93 13 43 14 35 98 28 97 39 58 76 47 8 53 70 33 82 34 99 2 37 9 23 30 8 61 73 96 51 14 63 63 28 19 97 41 57 86 94 25 2 67 84 26
33 13 73 6 91 9 65 86 97 81 91 7 3 46 26 50 58 76 84 9 60 67 66 51 8 92 49 53 40 37 76 50 22 21 73 24 26 2 27 73 20 98 84 72 61 63 54 81 22 68 89 61 87 1 45 83 18 27 0 74 51 37 66 54 12 6 57 89 34 10 26 54 48 65 50 60 47 58 61 51 73 77 28 31 46 44 56 60 21 77 86 61 23 80 38 9 95 23 74 89
76 64 68 32 57 96 2 54 47 51 26 64 86 83 96 36 64 95 33 54 26 72 38 53 29 60 45 27 99 85 32 73 3 75 55 28 5 48 78 54 8 16 84 90 12 27 38 4 48 22 95 40 56 11 85 5 62 61 76 10 77 16 96 83 13 2 2 32 32 53 54 33 18 84 92 26 59 71 25 6 77 13 62 64 9 37 7 63 47 12 72 42 45 47 1 8 38 27 57 30
47 69 72 83 37 84 96 50 23 89 32 3 82 51 56 56 7 96 24 9 31 34 82 19 14 82 32 7 61 38 27 89 56 0 86 53 89 55 58 62 70 34 37 59 15 36 37 67 59 61 29 22 24 81 6 79 71 54 19 40 64 66 67 68 58 86 54 90 82 90 70 87 82 96 14 60 26 26 27 84 47 68 91 78 30 38 51 58 70 31 47 20 40 8 84 44 38 93 80 77
54 87 61 15 7 83 61 46 52 78 53 61 92 48 94 82 70 25 13 45 39 37 81 3 62 23 70 22 81 10 51 9 91 46 60 70 91 34 79 31 8 82 42 42 72 94 43 75 30 35 70 19 14 15 0 77 9 3 42 0 60 56 98 47 40 25 4 8 86 1 47 5 9 86 31 74 58 90 26 8 78 77 73 77 79 0 67 53 23 23 41 5 19 92 83 76 55 47 47 26
86 63 74 78 75 86 6 15 12 70 44 17 75 2 45 1 95 90 88 37 33 46 0 2 44 73 97 31 24 52 9 39 73 16 13 77 91 87 83 33 88 95 91 9 45 96 5 29 25 12 62 8 34 40 88 38 73 91 27 76 13 71 11 45 45 14 43 92 14 83 12 59 63 95 78 84 99 20 39 41 44 74 31 67 68 61 54 76 19 85 38 99 23 10 74 19 38 94 80 85
73 2 34 61 63 24 46 34 0 85 19 27 96 36 58 26 26 8 66 58 66 42 57 47 33 29 84 85 60 31 19 23 1 65 9 49 55 58 55 4 80 99 43 38 62 30 43 11 91 25 30 47 27 20 31 55 30 33 31 6 4 91 78 75 5 6 58 12 74 41 80 55 29 78 68 32 36 3 27 69 6 84 56 27 84 21 75 61 85 48 21 26 21 81 23 46 67 11 93 74
11 28 73 9 55 92 49 94 91 32 41 72 96 36 29 35 93 68 3 92 0 75 50 40 75 33 16 98 48 86 56 5 37 6 55 87 24 72 87 38 14 30 82 91 12 2 97 49 61 79 77 68 10 45 64 30 93 51 57 75 67 66 10 68 55 48 33 53 39 54 4 93 10 37 93 6 7 45 57 93 64 57 50 5 16 84 76 2 19 83 64 48 67 62 35 68 38 63 57 77
17 3 75 66 83 28 44 24 25 6 15 41 45 32 56 9 1 1 1 59 81 25 42 0 57 57 1 63 36 43 29 35 47 60 47 25 45 26 52 33 68 83 89 32 79 42 45 59 81 30 92 53 34 92 62 8 82 89 59 4 94 46 97 20 12 36 7 52 91 8 57 41 6 71 32 99 72 72 20 86 37 15 51 11 26 41 89 65 98 44 4 83 1 98 70 15 41 74 27 56
79 93 32 10 89 43 75 99 30 7 84 73 19 55 37 51 50 24 3 90 42 2 15 88 90 7 71 94 63 88 6 71 49 55 3 63 1 11 25 53 47 89 75 36 12 27 18 33 63 99 57 30 66 77 87 72 43 23 98 53 87 76 43 75 26 79 23 92 11 34 4 72 80 52 54 7 60 22 94 46 50 14 14 60 38 98 76 10 27 36 58 47 25 92 8 3 94 14 76 49
89 81 39 23 31 19 44 30 72 35 21 48 71 24 0 4 13 2 57 15 60 93 89 66 63 9 45 22 91 36 83 58 19 93 12 5 76 90 90 5 89 6 41 11 29 80 85 2 85 63 54 53 59 65 19 89 26 66 27 21 49 49 98 69 4 18 72 19 24 84 75 55 91 71 39 9 16 48 85 4 86 98 78 65 97 89 66 72 29 51 39 58 98 73 58 74 89 96 22 71
88 15 93 14 60 12 59 91 95 1 71 10 55 88 39 86 12 9 77 58 19 62 28 42 43 54 22 26 33 33 46 54 57 44 23 80 53 47 96 92 51 6 87 11 7 54 53 33 19 69 93 20 19 64 83 9 91 24 68 71 16 51 2 76 96 80 68 24 22 33 64 52 58 72 5 88 97 97 47 11 72 50 97 62 52 86 68 33 54 87 98 47 86 56 76 54 97 36 50 51
1 86 28 14 84 85 68 48 14 97 48 16 51 95 27 75 36 97 20 70 83 28 24 83 76 28 1 35 63 85 56 79 33 58 50 25 12 98 15 63 72 78 48 26 4 79 47 22 46 65 9 58 0 36 31 80 97 59 30 89 16 2 47 97 76 20 97 53 98 50 93 82 14 0 69 71 11 26 55 30 61 2 86 2 87 84 36 11 14 96 20 40 95 5 20 27 21 18 67 23
83 33 49 58 59 49 42 24 84 49 93 61 61 1 20 87 29 14 89 91 57 55 90 14 58 87 86 92 28 54 76 46 78 27 61 3 18 6 24 91 27 34 84 9 88 0 21 38 29 79 63 35 1 64 35 34 24 94 79 39 19 51 5 60 35 38 42 86 63 48 1 70 58 68 10 18 83 67 92 96 89 48 33 17 54 59 75 55 75 89 92 58 74 51 24 16 73 88 75 79
22 15 87 7 66 8 24 2 54 51 34 69 58 1 62 79 46 28 38 62 58 98 41 84 46 10 15 42 31 52 90 95 0 97 83 97 11 99 10 14 39 47 64 86 56 85 23 38 14 71 93 78 19 6 43 3 36 66 3 17 46 45 29 17 32 72 94 49 63 77 97 34 80 84 73 1 89 16 74 73 11 64 69 35 26 84 33 55 53 59 74 70 20 73 98 65 50 31 14 45
20 3 21 48 7 54 2 35 3 90 80 42 16 6 2 52 67 58 55 43 3 56 61 63 27 56 25 43 79 66 80 70 84 9 70 77 13 9 42 94 56 22 78 58 50 94 37 98 55 95 10 45 99 40 57 1 29 77 64 88 69 1 64 48 46 70 22 18 83 22 3 17 24 65 25 80 92 39 15 38 54 70 29 5 89 58 76 62 76 77 23 15 3 40 66 25 93 66 42 40
62 49 46 88 16 23 48 33 54 55 44 0 45 65 96 18 13 20 64 26 66 28 31 52 76 2 66 17 64 87 79 72 80 67 99 34 47 64 67 35 49 49 27 57 30 44 96 61 6 22 43 71 55 20 0 18 91 86 32 36 19 64 2 14 91 52 19 67 25 7 54 43 18 5 8 79 89 51 79 73 84 39 97 41 52 33 92 89 75 73 21 18 42 21 3 43 99 69 77 74
33 0 41 39 55 31 48 42 35 3 6 70 56 34 61 8 54 90 17 99 95 30 70 68 25 84 73 98 31 96 26 21 87 11 32 8 25 88 62 48 39 88 32 54 56 84 26 35 12 59 7 62 12 94 31 20 89 55 6 77 18 53 82 21 68 75 5 27 2 63 0 71 12 81 96 86 86 17 21 23 52 20 71 56 76 82 51 4 33 84 48 62 69 9 82 70 92 56 1 50
38 74 5 75 41 21 25 48 91 73 33 31 11 38 23 11 30 84 41 76 91 34 41 30 33 62 58 24 80 38 59 18 10 27 62 24 56 79 64 39 36 41 2 28 73 54 21 65 24 69 69 60 46 29 32 85 36 55 21 82 30 84 71 4 80 95 7 80 37 24 38 8 28 21 56 61 94 16 83 32 52 3 53 83 84 81 29 23 31 70 14 20 9 35 78 31 36 56 50 67
47 62 75 47 39 27 42 59 5 52 54 92 95 23 40 60 2 80 12 36 41 65 89 8 10 18 32 33 75 83 43 66 58 25 47 13 90 40 49 37 24 36 36 61 12 50 51 83 29 80 73 70 29 37 79 29 68 42 9 45 1 3 93 17 49 12 85 85 8 37 0 15 40 73 86 65 87 22 80 81 79 93 93 51 8 4 80 34 36 86 68 94 43 33 2 38 18 27 98 56
44 30 17 40 96 19 12 67 49 15 4 19 53 46 28 19 76 32 78 10 52 77 6 54 99 85 52 51 99 55 7 80 87 31 21 59 69 63 84 84 92 17 93 2 4 22 71 50 41 20 42 14 56 85 21 73 0 80 84 44 36 16 26 79 5 93 4 12 96 12 69 83 86 84 39 68 34 60 37 24 90 91 96 80 53 85 98 84 39 59 33 42 14 66 97 75 82 96 93 5
42 15 89 62 50 97 42 99 33 40 39 17 84 69 93 93 79 14 50 43 25 63 45 22 26 96 19 82 76 98 18 44 9 55 97 63 80 11 19 18 57 8 26 23 30 23 90 90 54 59 70 79 45 87 87 28 37 82 60 84 17 19 2 43 5 6 10 60 82 32 84 60 81 10 13 27 65 56 89 63 19 36 54 33 47 28 80 23 89 33 32 51 27 97 89 18 74 81 60 49
9 41 22 70 39 19 31 69 92 88 37 31 78 55 43 72 64 6 85 91 87 3 56 36 99 32 73 48 59 33 46 12 62 31 15 39 76 10 5 54 81 12 60 30 24 98 55 35 78 64 70 34 14 4 6 53 80 29 58 19 68 33 9 59 80 24 53 83 89 71 14 27 15 67 34 2 60 35 47 43 24 61 74 25 70 39 54 5 32 86 15 16 51 88 69 83 41 50 8 96
20 79 27 43 25 51 11 97 40 25 46 61 47 43 1 97 68 14 45 63 60 86 12 99 40 51 55 94 22 45 0 95 10 37 14 54 88 31 58 8 38 24 46 33 42 30 42 71 1 13 14 21 74 91 8 3 11 19 62 92 21 36 62 78 1 55 82 12 29 28 26 95 98 30 46 73 58 53 62 8 15 93 15 20 19 77 9 56 38 65 31 58 12 90 53 19 85 61 72 20
89 50 61 60 29 40 95 29 63 76 94 39 93 0 98 48 32 77 52 27 25 9 75 76 72 96 28 82 90 31 13 14 69 4 51 41 49 94 31 73 67 63 3 76 85 20 94 33 57 98 7 42 17 14 76 83 28 50 20 33 76 25 45 7 40 84 16 63 67 11 58 81 66 28 49 91 8 85 91 36 5 26 77 25 83 37 3 5 0 54 22 88 5 95 65 68 41 24 12 74
91 92 27 83 62 37 75 75 40 3 16 29 21 93 58 26 54 77 49 92 37 52 93 70 86 57 55 43 61 96 7 87 4 15 41 99 5 31 18 55 78 67 62 27 52 13 71 61 38 33 34 73 99 45 58 27 51 96 12 11 29 47 10 68 18 24 18 17 52 80 92 57 8 56 51 45 84 55 9 47 63 63 27 2 48 88 3 53 65 8 72 9 12 63 83 95 43 42 9 99
37 46 91 80 88 28 9 1 78 42 6 51 51 44 8 28 79 77 47 79 17 14 45 87 81 76 68 34 58 44 63 98 15 84 37 85 4 89 90 69 39 60 10 99 3 62 1 0 42 49 48 69 55 40 62 10 64 63 26 45 87 54 39 21 14 13 72 20 5 17 62 55 45 83 53 91 33 73 30 65 39 5 72 91 73 65 48 15 36 93 34 59 89 46 24 51 70 22 50 91
19 89 6 66 54 41 14 26 18 41 41 18 27 72 98 58 5 12 55 53 91 44 58 33 66 59 26 23 12 54 16 72 88 15 79 84 16 20 7 45 58 33 4 69 32 87 27 81 94 85 0 73 69 74 92 52 5 73 67 3 81 15 21 23 85 16 79 16 60 71 21 48 39 89 33 35 26 62 26 38 69 81 25 84 39 24 10 86 43 61 56 93 76 49 80 36 40 79 29 69
81 39 95 4 58 60 20 32 92 44 9 47 89 99 47 93 99 41 61 85 78 69 75 84 48 9 93 4 51 33 2 58 34 84 53 49 33 7 5 48 92 21 83 19 72 43 7 95 36 29 1 47 52 89 34 69 61 59 91 1 29 3 7 7 17 32 11 40 57 79 10 37 40 24 12 19 53 41 21 72 59 91 22 91 11 29 63 67 84 43 63 42 12 58 43 33 65 74 41 34
22 97 70 51 66 37 41 0 98 29 33 33 99 7 16 14 11 86 21 49 80 58 64 68 44 47 63 99 87 65 20 17 0 68 18 98 54 20 34 72 61 63 11 45 74 33 51 70 46 6 61 44 11 80 41 29 87 81 77 15 29 64 2 30 70 74 1 39 20 77 66 91 65 13 0 16 90 58 7 50 80 59 45 23 58 34 91 8 18 66 88 11 68 27 48 7 34 72 65 55
28 18 3 17 82 11 31 34 34 22 49 13 92 61 75 42 81 31 5 63 6 38 55 77 7 95 82 41 22 57 67 95 40 78 0 23 19 70 98 84 67 25 83 89 59 54 28 28 45 27 68 71 41 39 96 40 91 38 40 38 55 98 30 69 9 25 7 48 87 44 53 74 4 4 97 58 32 83 33 42 54 28 33 45 11 72 48 14 72 47 5 26 18 59 95 35 37 58 0 83
12 63 68 33 50 26 91 17 25 46 67 20 41 62 97 56 2 27 63 92 61 38 55 85 0 94 97 67 7 20 31 89 27 14 7 66 62 22 29 3 57 51 52 23 66 75 74 81 17 84 32 41 7 66 40 52 44 24 0 42 43 16 0 56 67 84 99 27 66 66 60 73 81 6 91 68 32 76 58 44 66 18 45 37 37 9 3 40 1 68 23 68 17 74 45 54 6 40 54 25
87 0 49 1 91 69 16 39 72 22 79 16 71 35 54 27 75 79 66 77 69 32 50 88 74 64 97 80 61 87 75 1 50 34 87 0 79 55 10 97 49 20 73 1 75 50 73 9 16 29 3 14 75 7 97 75 78 86 79 34 40 33 69 13 73 49 29 54 98 90 72 26 40 31 69 8 88 50 30 19 83 86 79 47 68 5 68 17 12 46 74 21 91 88 58 86 43 58 33 52
11 7 32 13 85 7 37 4 96 70 69 61 10 82 77 4 22 67 71 95 25 90 6 81 87 89 37 90 29 33 3 28 8 48 77 12 2 27 54 68 94 3 94 12 24 33 0 47 10 48 49 69 0 42 7 26 6 35 18 64 44 96 1 9 39 92 36 39 81 42 31 16 55 94 21 94 44 53 66 3 39 78 66 63 45 71 12 59 36 0 50 60 48 12 98 7 35 10 65 90
62 6 2 26 7 73 41 45 28 45 47 63 39 15 99 31 71 99 91 53 20 11 79 24 56 96 25 98 50 44 76 43 79 81 83 88 93 44 82 93 93 55 64 89 98 58 30 58 7 49 89 72 30 50 18 2 63 0 3 37 32 68 77 18 34 13 84 5 26 42 60 78 43 26 25 8 70 8 71 84 98 32 95 69 94 9 66 82 24 19 46 54 84 61 92 82 29 24 82 39
42 33 14 73 86 42 32 76 60 84 77 11 54 3 13 91 44 42 23 17 57 64 60 27 35 29 89 39 4 0 30 61 3 91 47 32 36 87 20 33 65 19 79 16 55 21 55 21 47 86 77 58 46 94 4 13 24 44 90 22 89 46 80 14 63 65 61 17 76 33 27 78 46 73 65 36 45 86 98 10 72 16 36 84 87 29 60 24 71 69 34 95 60 71 18 88 32 96 21 68
15 46 26 86 25 36 51 62 25 8 61 97 24 17 84 56 88 20 55 98 23 4 85 67 63 79 23 59 43 54 8 19 57 19 90 30 10 93 92 27 72 74 65 99 31 20 49 11 44 94 46 66 32 79 69 19 95 28 99 6 37 95 30 35 26 98 13 35 31 32 50 2 57 52 50 94 30 29 62 67 48 77 33 44 78 94 29 83 89 67 0 24 63 37 62 20 41 9 24 27
8 51 4 80 1 70 63 48 3 7 85 22 90 44 84 0 62 77 14 89 67 25 12 78 94 20 77 33 1 79 66 7 95 26 3 69 10 67 74 5 75 77 19 33 13 12 40 3 43 54 18 3 25 21 92 24 57 74 85 74 99 88 14 81 60 40 71 29 1 46 32 66 22 49 62 39 45 12 17 37 98 31 1 48 2 87 25 74 63 22 61 25 14 94 10 14 99 17 5 51
55 96 54 6 88 11 71 63 42 37 3 23 45 5 9 85 84 3 16 86 77 76 88 76 77 68 61 84 37 75 32 47 71 42 79 16 91 43 26 45 73 55 58 30 59 28 75 75 1 14 43 81 28 47 9 15 60 38 13 75 62 90 24 12 33 73 10 49 62 60 79 34 75 73 39 87 0 5 68 11 49 93 37 18 57 25 29 39 97 21 57 41 44 76 42 3 97 56 92 92
28 96 2 73 74 7 90 28 5 52 31 11 19 29 14 28 37 9 68 14 60 58 70 69 85 20 57 94 20 94 0 13 32 52 90 55 80 4 17 66 34 41 58 9 64 32 61 64 37 37 48 71 92 51 49 28 22 36 93 1 6 42 45 36 43 60 51 83 99 28 74 2 42 35 78 65 25 97 57 59 69 93 14 4 65 48 12 51 64 24 11 9 37 27 68 36 34 90 50 60
86 50 56 53 93 0 65 83 1 39 29 1 98 32 26 0 94 11 7 53 53 55 41 52 90 2 0 3 82 81 81 54 40 9 31 43 46 94 57 53 13 52 7 78 60 32 55 54 66 54 68 49 76 92 62 30 46 52 48 65 67 70 94 88 0 36 0 74 56 28 90 52 75 52 29 68 4 82 83 85 25 10 14 42 91 65 3 3 21 48 10 97 5 21 63 67 40 88 16 3
61 28 77 39 83 84 61 32 8 1 26 64 75 29 73 45 22 67 45 60 2 78 84 11 63 61 20 70 71 82 97 38 4 75 62 64 99 22 56 12 57 6 40 85 15 77 40 57 15 41 44 42 1 16 35 84 42 11 18 79 76 39 42 78 12 44 57 19 1 12 72 68 1 10 51 53 32 35 47 64 42 66 7 40 33 59 48 2 39 27 94 12 18 80 98 56 14 95 79 84
98 12 93 18 70 27 58 0 7 11 67 8 0 15 34 46 1 36 6 66 39 70 32 37 92 45 64 26 72 54 30 73 8 48 13 29 36 49 16 30 15 43 22 0 29 52 31 29 23 96 46 49 44 39 89 63 56 26 78 74 27 78 54 97 35 38 7 9 75 61 51 24 23 77 84 99 3 87 36 24 38 23 69 17 34 32 47 17 35 49 82 53 82 24 46 57 66 82 51 19
74 3 44 39 74 7 39 67 92 87 53 57 78 71 48 42 59 83 39 74 59 43 27 93 52 11 10 37 76 89 66 20 64 25 20 30 74 7 77 93 96 16 49 47 52 29 40 31 55 73 55 85 80 69 33 98 49 20 35 64 42 25 1 28 39 82 20 55 42 75 53 87 75 45 78 15 48 8 86 11 54 32 64 90 13 6 90 9 45 42 63 54 66 64 7 74 79 12 88 27
5 2 46 47 71 47 76 46 26 57 35 5 5 40 29 10 20 11 64 96 70 23 5 40 70 55 45 24 34 25 87 45 84 8 32 83 70 21 19 59 46 61 50 4 11 30 28 96 91 78 45 78 96 65 44 65 42 68 85 34 35 78 89 39 84 53 8 15 83 9 95 56 12 28 44 14 6 74 22 82 52 70 83 3 16 49 63 41 20 56 17 49 90 8 21 89 63 93 21 71
33 43 15 41 41 51 11 17 38 19 21 38 55 6 1 45 13 80 54 42 88 53 8 56 47 83 54 59 21 15 29 37 26 26 96 81 92 42 7 70 15 0 90 85 11 85 20 38 62 81 13 8 99 5 5 66 15 83 40 23 70 39 47 70 30 63 40 94 75 42 52 70 34 49 10 5 16 22 49 60 55 84 31 56 5 39 47 83 55 20 63 60 47 80 55 27 46 21 35 17
76 3 23 45 92 77 97 3 61 33 5 36 89 5 45 27 50 74 3 16 69 71 72 28 60 51 10 29 5 86 81 31 48 75 71 19 40 3 31 43 43 34 42 8 76 40 88 80 95 30 54 12 37 90 56 47 31 58 75 54 78 94 55 52 6 84 52 35 47 0 11 44 77 27 65 25 79 73 6 11 9 56 20 78 20 20 40 92 14 23 90 30 61 91 52 24 8 94 36 70
15 5 10 35 95 24 13 27 23 84 75 86 18 45 20 75 13 84 6 2 75 26 93 33 16 52 44 6 19 72 61 97 75 4 21 6 7 8 13 47 65 66 43 29 83 76 17 20 69 62 99 44 90 90 3 17 78 37 73 70 25 87 92 88 97 91 75 46 43 90 65 5 9 40 32 25 48 52 17 22 14 57 62 25 73 70 80 80 21 92 85 9 19 7 51 49 82 68 83 2
53 13 90 52 5 15 5 41 45 83 44 99 88 68 73 98 76 49 63 37 17 2 27 30 85 93 37 75 7 68 22 1 94 40 88 27 54 20 68 44 88 56 19 84 89 67 1 87 55 94 91 72 55 10 0 14 86 2 86 50 87 75 86 21 69 11 86 58 3 67 74 23 38 95 84 0 77 1 85 12 47 54 68 26 26 70 88 51 62 32 98 93 53 59 91 57 1 67 64 77
0 39 99 87 91 49 30 28 59 30 67 82 88 20 31 25 98 87 88 89 25 78 9 2 11 18 43 85 62 91 2 1 76 18 53 3 39 23 86 98 94 53 34 11 5 7 16 85 10 35 4 62 93 53 26 53 49 28 94 43 49 15 20 38 49 49 43 82 15 58 64 20 8 41 91 75 58 17 90 76 90 61 46 32 18 96 44 12 61 53 80 76 95 82 88 33 3 18 83 6
32 86 40 74 32 58 41 51 53 5 5 49 81 19 90 75 4 92 42 46 40 37 37 8 33 82 54 18 97 76 88 79 94 52 93 73 53 0 35 4 94 96 26 18 40 86 7 40 88 94 48 95 55 72 71 86 11 97 6 47 1 59 63 34 62 84 5 3 29 47 77 24 99 92 50 96 91 25 2 24 27 41 99 70 92 53 30 97 80 49 72 19 96 97 82 93 81 74 37 58
9 64 12 8 98 81 43 85 69 18 16 0 36 16 61 92 64 11 53 20 88 26 69 85 98 86 6 19 89 28 45 13 47 26 70 5 48 50 50 85 38 37 40 48 67 28 16 86 94 68 72 88 6 99 27 60 8 3 59 59 53 22 58 91 71 91 25 66 93 30 73 92 13 85 61 59 0 70 27 1 7 26 38 11 61 42 65 0 91 76 65 74 13 65 14 12 65 73 25 86
30 46 31 60 87 57 67 77 0 36 5 27 87 10 10 27 71 89 47 90 21 68 82 60 60 29 59 89 23 65 56 9 39 7 18 66 56 84 34 8 88 77 45 59 30 5 46 65 21 39 38 75 38 23 5 13 84 60 38 32 80 70 23 2 73 70 25 51 35 33 52 42 44 20 75 81 41 89 31 48 20 34 84 99 87 51 68 40 42 77 61 71 31 82 51 30 97 79 16 92
24 38 56 47 98 89 54 40 70 97 67 50 72 81 21 45 6 81 74 92 41 57 11 91 97 85 24 51 77 61 48 77 99 42 2 83 29 23 14 29 54 67 23 64 46 74 95 86 87 58 86 39 32 9 10 31 80 28 55 21 29 81 93 5 54 49 96 68 91 41 65 46 1 6 72 72 23 86 2 19 89 77 81 67 18 85 60 59 68 68 39 63 30 68 59 36 19 11 13 43
93 88 10 24 16 85 63 9 30 6 2 1 31 58 39 15 16 97 62 74 34 59 21 75 42 31 7 36 88 62 90 24 0 36 14 27 51 45 6 44 42 5 43 86 69 98 83 51 30 64 48 73 4 94 64 50 73 60 95 44 22 49 85 70 48 79 5 72 7 93 5 92 50 18 15 20 97 71 5 20 1 68 67 7 98 19 41 19 80 14 96 16 30 45 84 58 71 11 31 25
50 69 49 77 67 15 96 15 75 56 13 14 39 73 68 64 50 86 96 53 5 53 8 30 58 87 94 37 30 47 73 11 45 53 48 16 65 36 51 75 9 93 91 7 87 3 65 8 81 83 65 9 81 5 8 92 45 97 83 8 41 56 20 48 8 3 6 21 28 12 61 31 67 36 99 11 28 3 60 78 69 69 13 31 43 83 68 87 43 93 49 57 45 86 92 25 47 49 59 9
68 38 40 46 95 32 38 29 93 16 66 56 63 9 20 72 89 69 72 76 21 50 86 13 62 61 98 63 23 71 58 23 35 85 34 60 5 3 11 53 15 79 33 33 43 55 91 0 6 60 69 26 96 19 3 83 75 42 90 11 36 98 44 87 17 25 35 68 25 28 49 10 94 32 90 4 13 34 71 4 17 49 44 62 74 60 90 14 13 66 55 42 8 33 81 31 62 77 89 77
0 55 29 77 25 39 7 28 17 27 4 31 14 24 67 74 82 87 62 13 60 61 1 6 66 15 11 43 7 77 97 5 43 5 8 80 92 65 81 12 97 33 34 48 29 42 63 30 14 66 82 74 78 96 86 59 53 80 24 3 83 16 27 82 46 49 89 85 46 28 3 1 92 2 77 68 21 70 28 19 66 8 51 58 98 80 83 52 72 42 38 63 54 80 83 53 39 19 0 0
42 58 46 6 44 99 48 68 84 0 14 56 65 71 2 94 11 45 85 74 24 63 60 73 91 39 18 28 3 66 59 7 32 47 70 35 96 23 77 55 59 78 29 74 26 58 64 26 72 52 65 79 29 93 59 49 70 70 9 8 20 5 42 83 21 25 0 83 73 82 47 69 10 52 74 81 44 57 7 82 19 57 82 84 10 61 25 50 67 73 5 71 23 45 61 15 70 87 5 20
24 50 23 27 54 34 87 86 83 48 57 68 58 65 30 36 56 69 47 46 51 5 60 82 94 31 76 48 80 10 73 55 80 74 25 32 5 43 76 80 95 21 3 24 25 95 78 47 72 27 51 47 91 39 74 99 41 67 84 93 33 77 48 33 48 2 71 77 29 46 79 9 12 32 72 53 63 1 10 56 15 40 3 78 48 30 73 92 90 16 69 19 36 61 40 33 19 73 29 78
52 48 48 73 49 68 46 7 16 92 80 36 93 40 49 4 82 22 19 3 89 14 13 76 85 2 69 92 7 16 37 79 80 47 33 76 71 19 36 38 14 79 60 81 99 38 88 67 96 77 58 66 52 77 42 10 87 40 78 17 92 22 87 76 48 36 73 26 58 7 91 31 69 53 12 26 51 46 10 71 19 17 94 6 76 36 27 32 34 69 19 42 16 30 51 71 96 51 15 88
15 97 10 49 6 17 27 73 54 10 47 11 16 68 14 7 59 4 30 24 93 55 86 35 80 98 87 42 66 3 57 76 20 16 27 74 1 38 49 5 6 15 90 9 53 87 14 97 70 15 5 12 63 12 58 98 81 90 6 52 37 14 88 93 97 3 84 82 43 18 13 14 87 29 65 11 93 79 87 85 52 53 85 22 41 11 66 63 73 10 83 54 34 11 52 87 7 43 9 81
2 59 49 63 86 74 51 96 99 69 3 72 44 93 68 32 98 32 59 19 69 43 99 3 59 61 37 97 24 8 39 7 38 16 92 82 16 94 33 97 97 3 97 80 35 4 42 74 22 29 36 73 62 29 25 23 57 77 76 23 7 47 37 28 29 71 73 94 34 99 90 88 41 21 95 97 8 79 30 33 83 75 20 10 24 3 5 98 46 0 91 52 96 20 33 32 6 32 36 30
59 34 15 55 12 89 33 43 44 11 18 7 38 19 72 16 84 14 48 90 3 5 83 47 49 62 7 59 48 51 69 53 99 81 79 55 69 49 13 36 86 43 14 55 25 20 26 8 64 29 35 68 51 91 6 63 29 86 32 4 77 82 94 77 44 95 61 54 93 18 0 81 64 17 44 13 1 0 10 24 87 24 47 37 96 39 18 20 0 33 53 67 0 40 47 58 77 58 11 5
86 1 23 66 36 95 33 31 98 80 9 82 45 5 16 84 42 22 94 2 45 53 9 14 66 52 59 79 10 30 74 64 42 97 63 52 80 61 60 29 66 13 81 97 95 0 30 75 12 51 29 79 79 56 85 22 18 38 30 77 47 55 14 19 23 6 88 36 66 25 6 20 98 72 49 66 23 30 16 94 5 73 1 17 76 19 77 36 28 69 95 73 5 79 96 22 87 13 31 57
13 56 82 55 42 22 26 36 15 9 84 10 9 1 78 69 61 65 0 95 9 70 37 89 93 16 72 2 50 34 83 83 35 36 38 81 15 63 21 66 60 7 72 71 85 23 72 96 83 9 10 71 47 21 1 58 56 90 1 27 55 77 39 45 89 85 74 46 55 74 26 84 4 81 48 90 1 1 63 27 45 4 26 37 79 8 70 99 8 85 95 54 37 42 85 43 75 66 54 76
87 31 58 5 9 42 28 70 17 65 79 33 92 40 44 1 89 24 93 89 63 9 67 48 38 52 53 8 41 42 40 41 62 55 33 56 60 87 1 25 14 29 5 57 94 35 97 3 56 52 58 94 10 53 55 57 17 62 90 95 20 24 58 4 7 36 42 24 28 1 2 75 50 28 23 24 91 52 6 72 87 45 18 1 10 48 53 23 86 80 83 96 8 42 86 70 5 38 82 80
97 31 23 61 55 92 5 63 82 82 83 73 97 89 28 68 26 13 24 35 73 96 43 24 70 12 48 23 45 10 4 53 8 19 11 12 4 58 33 13 66 98 63 49 89 50 81 13 38 12 56 56 13 39 68 71 63 99 35 29 12 24 13 54 70 41 32 39 34 84 87 6 10 71 27 36 5 2 51 56 45 91 69 41 48 56 55 15 74 80 22 25 67 86 76 45 3 64 65 33
44 43 60 85 1 19 82 14 94 85 68 68 2 52 60 1 43 6 29 79 68 1 73 65 57 75 53 7 49 82 15 42 29 18 46 93 62 75 55 10 13 21 29 40 38 11 73 23 45 81 25 45 2 11 78 59 15 19 82 49 53 68 57 12 25 26 0 24 51 86 53 34 92 47 83 58 42 95 50 96 32 71 79 3 83 94 77 90 8 72 45 14 87 37 89 81 80 43 67 85
8 84 2 12 45 21 0 58 67 93 7 64 51 48 3 69 4 43 94 7 88 25 20 73 26 95 85 90 17 90 98 1 12 36 42 61 97 88 1 90 72 72 70 4 20 98 23 32 28 98 13 57 30 75 61 95 99 33 16 85 9 46 87 79 78 22 80 84 86 21 40 96 17 6 7 52 50 66 90 85 68 53 56 68 97 7 51 28 23 93 48 49 11 78 89 16 19 54 26 33
39 64 27 7 79 70 16 70 21 25 14 26 61 64 27 16 97 61 86 98 21 9 42 99 25 29 35 52 7 95 44 64 23 36 4 75 46 93 84 53 67 12 69 86 33 70 8 5 91 51 19 30 21 60 28 61 38 82 47 3 94 86 66 19 81 15 23 47 39 61 48 35 88 44 9 30 16 38 22 80 7 84 59 80 14 38 73 30 40 1 50 13 36 25 5 2 25 17 64 22
10 40 8 70 7 51 64 86 85 22 38 86 0 96 3 91 60 65 86 75 4 82 33 29 23 11 22 59 66 93 7 43 19 46 77 82 13 38 37 94 82 15 60 24 6 97 68 95 72 86 96 43 64 46 27 94 8 32 49 9 96 68 16 4 93 17 9 17 9 97 54 27 83 28 67 71 39 97 99 22 78 40 87 43 90 66 54 90 47 9 92 52 54 56 10 94 89 88 4 79
74 20 77 16 30 20 17 78 8 49 67 11 88 65 30 80 11 51 60 64 6 49 13 28 7 35 40 95 13 96 90 32 47 75 48 97 34 19 97 82 30 91 71 39 52 41 42 11 30 32 49 44 9 33 71 91 45 61 93 18 9 96 56 30 13 65 18 80 64 29 51 66 64 60 87 15 7 86 84 5 69 67 70 72 46 62 80 29 47 8 96 4 46 39 41 69 84 1 85 1
24 62 59 92 15 51 90 25 80 56 1 5 23 96 10 17 48 28 24 78 55 28 6 85 65 61 90 87 17 21 82 20 18 28 72 93 3 1 99 73 41 95 30 58 15 41 12 97 88 39 91 28 31 11 78 92 9 26 74 56 80 83 79 21 44 74 59 87 78 90 90 51 63 11 21 6 3 1 68 22 47 11 48 32 16 46 34 26 24 98 74 50 53 5 98 26 86 34 33 11
9 75 76 48 65 42 70 69 78 32 30 99 43 17 90 92 81 75 22 0 82 20 41 30 38 88 15 72 56 46 27 70 76 59 46 30 59 87 77 39 71 64 73 56 75 65 15 36 81 75 23 23 17 15 89 24 73 24 85 57 9 95 59 16 71 32 99 13 48 74 27 24 53 2 63 2 76 11 75 79 22 90 34 60 91 34 83 43 22 99 39 0 97 85 38 38 93 61 93 12
76 16 18 9 8 13 6 15 21 2 80 3 10 80 56 39 10 35 9 62 49 38 39 45 27 70 13 2 78 22 20 44 45 10 9 69 88 6 42 60 13 98 57 95 71 60 61 68 90 68 19 48 89 75 33 23 63 89 87 45 82 2 25 45 59 88 77 11 18 84 86 98 41 10 3 61 16 5 56 63 2 26 27 47 80 8 18 55 55 17 21 75 65 52 96 34 50 67 37 1
21 49 91 62 75 21 2 98 35 39 56 82 93 87 76 64 35 21 51 75 96 51 67 40 8 55 43 2 48 33 53 22 69 5 48 47 79 34 15 51 67 72 68 21 64 75 99 99 90 16 53 62 15 59 44 40 60 6 81 33 16 52 95 18 73 20 84 35 98 76 75 38 56 75 16 18 85 89 78 21 11 64 43 64 30 84 94 1 41 24 86 67 75 90 28 14 94 52 93 35
55 54 69 1 40 53 14 14 89 98 17 61 33 65 87 82 55 30 88 72 8 17 59 69 19 96 15 40 67 42 41 56 50 10 38 89 60 72 14 93 0 86 60 21 16 2 19 10 31 68 92 29 81 42 80 48 53 29 77 7 8 80 52 10 89 45 46 38 51 63 65 84 13 42 15 71 27 64 98 51 5 35 95 40 76 91 9 60 54 10 97 37 31 49 54 2 5 34 47 62
85 2 35 86 85 12 96 95 72 77 28 36 22 98 82 84 47 57 42 40 83 49 0 80 6 62 44 60 91 44 17 14 38 0 28 2 16 29 28 98 21 97 90 70 92 96 32 96 79 89 37 98 50 80 79 4 72 52 98 2 49 35 1 69 47 98 68 93 13 54 25 62 70 40 63 94 68 49 84 49 46 98 30 27 2 57 22 50 96 17 57 33 9 42 50 71 45 93 70 77
