22 85 0 32 67 97 94 43 82 43 50 65 54 46 54 68 82 23 31 26 6 75 41 10 44 4 42 56 21 6 6 4 98 60 16 31 71 54 49 54 7 69 95 34 22 95 0 71 1 21 94 9 87 58 35 84 6 64 45 28 44 55 63 4 20 54 77 79 31 15 4 30 22 28 27 9 39 25 38 25 87 83 65 40 49 50 46 10 26 98 73 23 9 26 59 27 74 57 48 28
64 50 80 40 37 28 25 13 9 70 29 80 50 10 67 47 62 16 67 67 4 97 6 88 29 66 2 61 26 24 73 22 33 52 96 73 19 44 74 65 38 15 0 26 82 99 99 61 40 99 5 94 91 30 48 86 62 55 86 19 89 68 37 33 14 12 67 98 3 42 9 37 8 21 55 51 89 74 49 78 9 15 98 79 10 94 40 1 78 15 68 2 35 54 97 98 52 20 2 53
88 72 1 34 90 13 85 55 11 23 91 10 70 74 64 28 87 94 57 15 46 14 85 0 35 85 80 92 58 56 26 6 8 24 30 55 62 11 33 4 15 55 53 23 88 40 26 29 60 75 8 14 33 79 83 22 50 97 41 96 71 80 24 51 61 44 61 40 79 42 20 68 49 29 30 55 27 97 93 29 15 78 73 76 78 80 65 24 10 7 68 35 5 52 84 46 98 3 29 11
91 64 93 69 0 59 44 5 90 98 47 62 25 37 99 12 34 22 58 71 94 70 54 29 31 69 36 59 87 31 22 80 60 81 15 72 66 47 89 7 98 87 95 29 93 12 11 34 90 68 46 14 86 66 64 32 40 83 16 72 91 56 45 33 80 38 50 20 56 93 90 93 53 10 50 48 87 62 87 34 62 33 36 14 44 65 64 9 36 26 28 83 30 1 37 90 77 99 15 7
79 33 63 23 80 30 81 76 51 57 79 47 30 6 88 5 43 18 0 62 49 83 43 41 70 10 43 52 45 79 39 90 26 0 5 32 81 85 3 20 62 12 90 57 50 57 7 56 68 48 51 60 85 33 14 87 19 44 80 67 96 2 68 17 27 41 92 33 17 63 35 61 6 24 59 78 11 28 79 57 89 20 43 62 73 84 87 6 25 87 56 37 78 93 64 76 50 75 22 75
21 63 33 99 53 57 81 86 74 94 59 94 48 37 31 94 49 38 66 59 67 73 34 68 15 33 3 0 69 80 75 28 46 51 75 91 32 15 3 68 81 3 63 52 57 38 40 4 37 98 88 33 88 75 46 47 93 14 55 40 53 33 58 21 92 85 16 15 45 31 59 83 57 36 97 62 54 38 52 75 39 21 48 31 58 7 33 62 99 18 78 99 99 93 92 40 30 98 83 18
11 42 32 55 87 52 26 24 44 58 44 63 26 58 3 34 56 80 84 0 71 76 13 79 41 35 93 0 36 56 47 33 71 52 20 18 60 78 84 59 81 40 60 50 62 39 58 3 75 48 10 9 41 27 37 79 66 14 56 79 48 48 36 8 28 19 52 96 29 96 24 13 99 61 66 39 22 66 0 47 12 48 44 69 84 41 36 40 3 61 8 99 83 99 56 17 91 44 6 16
83 77 73 50 27 59 32 24 61 33 32 81 7 77 7 5 71 34 23 67 62 1 1 45 47 51 96 49 66 46 14 45 1 19 2 66 22 17 90 97 74 51 65 2 2 21 86 74 82 38 27 57 29 34 40 33 36 41 17 14 45 10 21 63 10 94 98 8 74 26 72 29 81 19 96 4 25 53 69 57 49 97 35 77 60 27 84 70 23 83 54 0 59 90 15 50 64 48 25 11
56 71 22 82 96 73 53 61 28 97 7 22 59 87 14 78 90 26 38 13 82 77 10 27 62 90 9 50 48 33 61 17 78 59 69 86 17 27 74 49 46 80 92 96 20 10 40 9 10 0 22 3 21 13 16 76 67 51 78 69 47 77 17 20 17 70 85 68 11 87 13 41 69 72 88 90 33 51 70 42 79 95 34 59 69 59 44 54 8 40 10 55 85 37 62 33 41 57 71 59
43 67 11 38 20 81 9 90 51 57 42 15 6 10 23 46 11 7 3 61 53 94 19 39 35 15 37 86 7 0 77 76 10 75 97 31 56 99 33 55 54 38 95 41 59 84 79 7 38 69 93 35 3 70 65 79 96 62 33 20 55 42 1 8 44 93 88 68 72 27 33 21 70 78 61 57 24 88 24 83 39 33 30 81 28 22 2 87 93 20 89 74 3 26 92 68 10 49 70 64
37 24 51 48 20 96 22 65 97 16 5 33 40 0 63 11 46 76 30 95 81 27 66 59 88 68 73 82 98 16 97 84 49 18 89 7 15 51 35 14 31 42 70 56 91 37 13 67 81 73 94 33 55 68 33 36 58 88 33 29 78 68 78 6 56 31 15 76 7 47 35 89 15 33 53 14 13 27 71 52 88 56 51 28 86 95 3 32 44 46 26 14 10 25 85 49 25 32 31 80
42 54 8 13 8 79 40 71 2 20 65 33 31 66 72 0 23 25 3 40 32 64 15 31 85 73 46 46 54 9 93 0 36 14 14 42 86 22 28 95 51 66 23 48 12 65 79 30 68 5 13 40 13 32 62 21 92 95 93 21 82 62 85 96 37 58 19 19 62 61 12 52 49 33 92 6 69 14 20 17 75 86 46 12 29 64 39 62 93 93 83 79 51 27 71 85 67 75 30 85
13 8 36 73 89 47 25 77 33 70 89 8 35 32 81 49 59 56 24 86 96 72 80 56 35 34 19 45 24 19 81 90 78 41 13 15 52 95 12 38 87 66 25 90 42 21 3 92 94 70 39 18 77 42 64 83 24 90 59 81 90 96 24 81 19 49 2 57 64 61 96 0 0 89 26 97 92 35 82 56 7 72 58 48 42 78 91 56 71 30 8 79 57 53 69 37 73 85 66 20
89 32 21 90 54 25 97 71 78 96 91 87 9 94 60 2 48 16 1 26 33 74 14 58 18 39 47 34 79 81 44 50 29 76 72 35 59 28 56 30 41 68 81 10 36 1 46 14 92 60 34 20 35 45 70 33 89 47 45 15 84 15 25 11 50 96 3 60 8 24 72 6 15 55 34 9 97 66 92 92 59 75 33 65 47 51 35 24 66 73 79 18 91 33 38 93 25 61 58 32
53 43 57 15 85 93 81 30 58 48 99 3 92 9 11 60 46 81 81 47 76 44 4 52 54 23 45 17 61 76 72 60 69 78 95 26 9 48 96 37 28 20 99 34 0 37 72 89 3 15 96 55 96 91 85 84 43 37 41 9 75 79 16 94 81 7 23 24 63 83 73 71 16 24 14 45 22 56 69 72 49 47 12 54 28 8 1 54 4 63 9 47 7 90 69 14 15 96 18 23
58 86 63 4 74 51 30 96 57 55 58 29 96 11 0 30 54 49 6 8 67 57 53 97 39 27 13 74 91 91 28 28 6 60 6 33 8 72 20 61 6 72 24 15 24 49 14 76 0 79 87 55 18 12 54 66 41 26 49 5 19 56 84 15 21 32 58 77 49 31 43 96 84 55 77 95 81 72 22 42 36 83 35 84 85 16 93 15 38 85 81 16 7 44 76 14 99 69 6 44
15 53 57 0 46 16 43 47 24 37 38 88 3 90 1 72 84 36 2 56 50 75 42 81 38 96 87 99 29 96 95 62 26 84 25 92 35 66 2 28 59 78 49 62 6 44 18 86 69 40 85 23 36 46 18 34 99 83 25 75 94 6 53 85 96 51 92 65 58 12 91 35 29 92 79 96 0 63 98 47 17 27 82 0 94 77 60 44 14 67 98 2 85 29 59 80 7 5 15 40
17 10 31 41 38 73 72 82 10 12 29 87 31 48 97 0 42 97 21 68 54 8 55 77 15 53 20 17 64 53 0 73 33 78 17 42 21 90 74 26 44 85 80 92 13 81 12 70 23 6 36 11 57 62 16 57 73 68 17 40 38 62 63 68 93 43 60 55 8 92 12 27 33 29 88 11 36 22 29 2 52 79 14 51 3 70 77 70 56 91 8 37 37 38 50 46 33 77 30 11
3 56 98 5 42 67 75 99 19 74 84 34 65 45 26 32 48 59 24 54 66 73 30 54 19 46 4 52 89 5 5 7 62 24 11 15 22 10 27 2 30 48 25 50 37 51 7 26 67 42 36 17 68 80 40 46 38 81 38 58 99 36 90 11 10 84 81 91 92 23 99 12 2 94 26 17 82 36 86 57 36 2 36 32 80 94 21 84 20 35 91 64 44 46 53 39 18 99 16 72
18 53 38 95 73 67 48 39 66 84 75 41 28 36 55 98 15 64 4 63 79 26 6 54 90 32 61 60 64 74 51 28 52 74 19 9 13 94 74 31 14 70 35 72 87 32 74 24 15 52 81 92 24 65 52 70 70 86 3 10 13 10 15 35 22 58 62 97 19 80 54 89 16 32 95 25 92 33 40 56 67 3 34 9 48 55 92 44 8 36 17 13 31 90 72 83 87 51 41 97
63 22 59 42 62 57 70 86 34 30 27 57 50 28 86 53 19 72 15 49 89 67 91 50 66 33 10 83 57 5 38 85 85 47 20 79 65 42 75 80 12 74 85 13 36 38 54 36 31 99 52 6 55 92 44 59 12 56 15 15 78 84 17 31 95 58 39 25 35 67 10 59 14 85 15 6 13 83 91 58 68 42 74 37 31 28 48 81 8 44 82 34 94 83 26 71 63 73 95 60
8 67 62 56 39 47 99 37 67 7 16 59 8 35 47 86 3 28 12 75 63 8 32 73 81 32 54 62 40 70 49 36 10 75 70 20 52 51 15 37 96 86 89 49 75 8 76 91 57 35 40 96 15 23 99 82 22 52 94 65 0 81 79 19 43 7 97 23 46 50 44 99 79 67 86 23 42 22 89 58 89 8 13 59 46 44 26 3 42 46 25 98 43 50 60 53 79 98 37 66
37 95 8 72 63 3 7 42 62 54 99 62 60 79 14 73 2 68 49 64 31 62 85 86 71 26 51 64 55 97 11 6 95 14 71 88 62 51 90 83 88 16 19 1 98 35 71 58 33 56 69 11 22 44 25 39 32 42 18 61 63 93 37 31 28 82 88 39 97 95 70 3 56 55 28 82 32 21 12 95 10 18 93 1 35 77 58 22 97 61 97 31 54 30 87 50 69 32 39 6
15 30 31 18 90 71 51 33 3 10 43 88 90 58 53 46 65 49 4 49 80 4 91 66 91 44 49 22 8 97 0 75 99 70 36 51 72 42 16 70 98 53 3 48 47 11 8 11 40 14 68 68 57 96 79 33 85 15 80 27 89 81 81 59 81 71 28 86 82 65 97 44 18 26 86 97 33 85 57 63 73 68 28 90 0 94 93 88 3 61 44 83 40 29 10 39 29 84 83 54
26 96 93 93 13 11 88 24 42 29 14 8 15 22 93 76 81 25 16 34 56 0 69 55 11 56 79 72 85 78 88 57 62 50 94 69 21 63 89 16 30 57 89 13 41 97 11 14 50 31 42 8 99 9 51 85 50 85 39 46 96 83 7 84 83 63 8 78 34 20 66 92 68 86 41 82 59 81 17 87 17 95 47 16 6 77 84 40 17 30 47 47 6 51 14 25 50 42 94 61
12 45 45 48 38 83 0 57 71 91 35 48 12 60 14 81 93 62 79 87 72 91 58 90 23 95 12 20 88 61 93 29 3 46 6 21 80 85 99 33 67 68 72 51 53 37 87 17 91 25 64 7 8 25 96 11 4 95 38 4 1 97 81 49 78 7 16 81 65 17 38 76 51 61 26 67 27 31 93 23 42 92 4 30 83 72 31 32 72 19 12 10 4 41 99 5 90 32 77 3
88 48 50 67 7 39 89 5 95 77 11 99 79 71 89 57 21 85 45 78 45 19 83 93 45 88 73 65 5 25 23 74 11 38 11 61 74 91 75 70 29 5 64 55 79 9 48 35 60 37 34 5 28 54 42 68 90 15 95 15 0 17 90 52 32 41 79 53 55 78 20 81 76 59 0 67 77 86 1 26 44 28 71 13 84 22 3 37 44 15 51 55 98 2 85 90 20 57 75 64
18 33 62 15 33 26 45 8 92 57 69 93 7 1 22 73 81 16 48 7 40 1 98 90 33 36 61 53 53 55 67 43 81 98 81 60 63 94 71 35 62 10 4 63 33 42 64 78 39 55 4 24 84 42 66 51 73 89 14 97 74 25 68 94 10 72 2 16 87 86 92 70 20 26 75 20 69 90 59 84 30 36 51 36 6 71 67 86 90 51 13 61 76 71 73 18 83 63 75 90
21 67 22 55 25 2 99 43 14 37 28 99 97 3 7 47 75 39 97 79 1 47 44 72 99 41 63 26 37 45 51 77 8 41 50 83 16 48 36 66 17 23 14 3 90 98 19 21 88 23 1 20 10 17 51 67 16 45 26 31 59 9 0 95 99 67 82 67 32 28 88 56 53 40 44 72 9 20 29 91 43 83 95 27 92 43 45 24 93 41 71 74 67 28 23 27 58 94 44 63
38 78 46 18 67 65 3 76 13 38 43 38 19 38 69 87 27 50 29 46 10 54 47 61 6 29 30 1 38 81 27 3 61 34 51 39 5 75 48 50 83 47 24 19 0 50 20 36 91 50 32 31 63 54 59 99 91 29 71 77 36 10 78 89 0 79 93 62 14 13 9 41 20 56 81 66 10 57 8 63 21 71 56 41 13 21 72 5 96 37 45 79 44 22 76 14 74 78 12 83
15 71 93 92 53 74 1 45 60 79 15 12 43 32 7 56 1 64 56 67 35 52 37 42 56 45 43 42 68 88 69 54 61 2 84 2 12 84 2 21 72 39 35 27 25 13 47 8 79 8 97 30 25 48 1 2 73 80 14 12 20 69 92 71 79 19 41 68 55 60 14 12 10 41 31 26 95 65 25 90 63 77 53 83 38 22 22 48 24 98 67 77 31 77 98 18 92 19 12 25
57 89 4 56 36 22 12 94 76 46 81 61 98 98 79 82 25 17 65 34 61 32 19 69 60 53 78 59 77 51 57 18 71 40 86 48 1 5 24 78 15 73 27 68 21 74 99 66 97 44 12 74 57 70 90 99 44 14 79 6 66 43 18 13 83 48 75 36 50 9 90 80 38 67 13 24 79 63 88 52 57 62 21 68 74 79 62 14 40 4 87 65 24 21 2 15 54 2 75 62
32 78 35 88 2 39 93 57 94 97 92 24 97 17 68 29 98 60 76 99 40 66 5 23 32 54 34 11 61 7 75 57 26 26 97 29 6 95 94 66 15 28 47 30 35 64 50 37 73 42 74 60 98 6 82 34 51 67 77 12 86 39 13 89 54 88 33 67 19 71 51 66 88 89 15 79 70 99 95 49 47 13 8 94 7 44 5 25 23 56 49 24 13 5 94 13 42 29 43 56
11 16 83 82 47 23 40 11 8 80 93 72 98 27 55 45 24 62 19 79 79 44 56 8 62 14 28 53 29 61 70 33 70 5 76 15 80 24 24 59 26 98 94 64 17 59 91 50 76 89 91 93 1 86 90 16 40 92 90 64 51 33 93 17 25 34 29 84 66 81 30 41 29 94 21 4 83 94 64 80 94 92 82 21 40 90 37 60 61 9 67 2 57 18 8 52 77 50 29 4
65 6 12 32 73 19 84 4 59 41 79 41 77 89 52 25 81 0 96 44 86 32 97 67 4 25 30 63 21 2 75 6 21 8 4 49 49 10 58 56 29 46 14 39 32 30 32 86 64 82 67 39 56 67 4 2 1 97 39 64 27 71 36 70 76 85 74 38 34 64 85 14 51 23 54 1 90 95 3 87 63 83 64 21 75 65 8 67 86 84 24 32 51 71 29 20 70 43 7 27
0 16 66 49 4 28 28 49 58 16 55 81 17 84 60 41 25 70 55 56 86 32 63 26 50 58 19 90 62 44 38 48 74 25 6 30 41 5 11 47 68 54 60 44 50 40 93 87 19 23 87 34 55 45 66 76 4 60 23 97 47 65 75 14 25 92 33 22 48 33 5 80 16 99 16 62 91 51 53 1 17 71 2 54 74 11 22 70 38 63 48 96 34 27 87 55 30 0 6 88
6 98 0 17 80 87 0 7 98 95 87 93 69 19 39 57 71 61 17 22 53 29 2 48 74 7 52 90 38 73 18 73 17 11 6 68 58 87 68 8 78 1 23 36 87 73 27 51 48 10 73 78 78 7 19 9 41 65 69 85 5 47 51 56 20 98 37 74 8 22 9 39 79 7 15 74 48 27 72 17 5 99 97 0 33 35 22 86 63 46 82 27 90 7 48 61 55 24 18 62
87 79 31 92 75 17 30 13 31 12 7 6 79 10 76 5 47 62 68 37 91 71 93 25 26 41 37 51 39 41 89 92 89 91 75 80 18 65 76 39 11 5 64 11 99 72 86 91 67 70 46 85 24 29 42 50 0 36 58 92 58 97 46 64 30 10 73 16 9 92 24 71 86 82 59 73 49 95 40 60 40 51 79 37 81 43 92 2 85 67 98 95 50 68 59 51 88 57 34 3
77 88 58 32 55 83 28 24 82 97 85 2 34 51 46 74 55 30 72 72 61 88 31 57 39 93 66 69 87 63 95 93 21 23 78 43 86 68 51 9 37 20 44 62 49 17 54 27 0 92 2 67 95 30 35 98 19 6 20 74 2 71 60 55 35 41 87 92 39 29 87 19 58 23 61 67 71 61 75 80 38 27 94 90 49 1 22 69 27 21 70 81 24 54 62 58 78 79 46 87
5 55 59 81 8 66 69 64 78 39 15 63 64 54 6 35 23 38 55 52 90 40 65 83 89 56 3 5 99 29 31 51 47 20 86 50 51 85 24 13 43 36 69 27 89 5 90 46 96 47 52 19 33 14 48 54 71 21 56 42 89 79 76 29 11 90 40 95 85 77 31 18 76 29 63 3 32 83 43 40 31 89 60 61 50 18 21 94 28 57 92 82 34 99 93 12 70 92 77 84
91 74 75 59 94 16 38 26 33 53 40 63 13 96 30 69 38 22 97 66 50 71 77 17 84 17 62 91 45 43 84 88 33 33 51 26 27 13 29 15 46 51 23 91 7 35 6 78 17 7 4 94 77 98 41 7 43 95 61 33 76 95 55 88 52 9 66 38 94 81 44 49 86 82 54 53 52 19 25 8 53 69 97 60 6 93 7 6 51 36 69 6 69 34 76 81 51 34 26 13
5 6 62 98 44 80 93 43 54 61 10 30 42 44 74 82 58 16 74 74 53 87 73 62 61 6 98 79 0 77 43 79 23 27 66 75 11 66 37 6 93 87 83 87 34 5 39 50 62 76 12 43 96 71 28 21 79 13 42 67 56 41 37 35 16 39 5 81 72 10 17 28 1 81 30 53 62 82 82 54 75 9 60 54 29 87 73 44 4 75 31 7 92 30 27 39 83 75 71 18
59 69 24 29 14 73 88 15 69 98 94 82 78 38 85 83 43 36 55 92 93 90 50 32 92 86 74 73 46 90 91 88 49 90 39 61 47 56 1 56 99 92 4 67 85 12 66 5 64 21 51 49 45 85 51 58 83 18 98 99 43 86 24 49 1 55 42 78 89 66 31 30 99 71 63 85 5 33 20 1 64 12 6 93 8 12 4 26 95 97 56 90 3 42 96 31 41 17 52 4
9 81 93 4 78 60 50 49 95 96 70 59 0 27 84 78 20 65 10 2 80 38 95 23 29 80 83 77 83 29 72 44 47 3 46 95 76 4 33 54 3 96 15 84 96 89 39 52 40 17 45 42 25 73 36 89 75 0 6 99 43 28 28 32 46 14 57 20 29 57 58 85 72 39 56 0 73 63 34 7 85 64 41 83 50 85 87 33 59 53 97 24 97 73 6 54 7 40 27 54
2 37 28 99 54 45 96 79 87 15 2 48 99 58 33 47 64 54 35 52 63 65 95 66 16 64 1 90 21 42 6 79 39 76 12 54 57 7 27 28 69 7 79 53 65 4 2 57 9 61 13 56 48 35 49 12 32 48 82 53 21 28 80 41 54 15 64 34 3 67 91 10 86 24 92 53 84 15 81 35 67 50 71 87 11 16 29 14 57 93 91 56 41 58 94 96 47 40 99 23
64 88 54 49 78 76 38 54 63 51 18 31 14 47 78 50 50 28 59 83 91 78 68 79 11 31 40 69 87 56 11 73 54 46 76 1 33 61 99 50 60 41 86 70 15 37 65 83 42 77 42 97 31 87 82 59 95 67 53 69 44 51 1 41 69 24 51 5 58 73 24 60 52 10 29 71 45 13 29 95 82 52 71 2 69 56 89 45 2 99 59 24 41 16 13 31 56 82 99 54
58 41 32 37 52 97 16 89 26 89 37 24 95 64 94 55 7 37 78 20 9 22 1 55 96 36 19 71 1 1 15 18 51 74 72 80 4 13 23 72 22 67 75 17 91 85 89 7 2 39 51 41 60 97 79 81 45 15 72 29 79 79 61 54 59 69 37 21 49 71 52 9 71 20 57 67 36 24 35 98 34 82 80 74 25 9 94 36 27 32 21 67 73 0 73 23 20 73 48 74
75 33 79 92 60 6 59 90 95 73 40 59 31 71 47 51 80 43 11 56 20 78 10 3 71 58 32 69 55 86 94 33 64 42 73 61 2 98 81 47 83 4 35 86 92 7 37 76 12 72 36 34 25 75 94 42 63 37 22 11 50 12 22 16 85 56 76 63 55 33 32 45 96 39 12 88 58 5 61 98 42 39 17 29 47 92 3 88 97 10 88 25 98 55 28 54 30 37 47 79
84 85 23 97 0 45 74 97 34 94 19 27 92 14 3 13 16 56 57 69 13 59 37 84 76 72 17 2 26 0 52 19 3 52 52 12 98 36 52 22 6 71 68 23 30 24 19 40 34 93 70 1 36 5 29 42 3 10 5 64 19 78 85 26 13 27 92 40 13 47 62 77 58 64 5 15 66 90 2 58 37 44 81 22 78 24 96 17 66 73 91 14 28 88 97 55 46 17 2 32
56 14 34 19 24 18 82 47 79 11 11 26 26 74 3 50 19 71 29 94 77 16 13 32 97 25 4 14 88 25 47 27 78 62 74 22 86 20 25 42 17 76 86 26 11 86 34 54 15 5 77 99 69 30 4 74 77 46 19 40 77 3 38 58 34 51 43 7 31 7 86 95 52 77 8 50 14 4 95 88 62 15 42 9 75 41 79 1 82 91 48 95 52 6 28 36 97 12 10 74
13 74 85 56 63 48 17 60 96 15 30 80 97 83 75 16 41 88 98 12 19 7 50 81 99 86 83 54 48 75 66 0 24 31 16 84 12 26 91 91 69 0 41 26 95 44 56 97 5 63 50 68 78 55 49 31 19 88 42 57 83 64 29 3 28 73 52 48 58 55 62 81 54 54 69 8 89 13 82 98 97 30 54 94 47 33 17 60 3 51 4 27 21 69 17 49 57 15 91 73
24 26 30 33 99 56 70 41 30 48 91 32 27 60 24 79 75 8 72 65 38 3 85 54 92 72 2 57 12 9 76 20 40 36 76 7 48 98 74 86 21 64 81 20 82 97 84 7 65 88 93 17 27 12 47 46 55 94 22 76 56 2 97 78 3 17 94 33 55 58 45 33 48 0 96 27 83 2 97 23 29 30 27 97 6 76 69 46 35 19 32 5 73 31 90 71 78 43 71 12
60 68 62 42 26 16 24 0 29 30 10 34 96 52 23 50 77 11 57 42 72 56 90 35 42 68 25 34 24 34 89 61 99 69 22 21 45 16 79 12 94 11 9 50 85 9 87 13 12 64 5 88 89 85 64 73 1 74 65 58 56 96 77 37 24 9 73 14 87 50 82 59 27 75 79 45 29 89 87 52 63 33 2 41 89 67 36 40 37 78 68 21 75 86 23 80 43 50 9 59
54 9 55 8 49 93 2 20 97 56 56 24 46 4 31 37 7 9 5 12 56 93 61 36 9 80 66 88 83 90 14 1 89 21 8 19 61 56 18 76 31 24 32 41 96 78 38 46 12 9 1 95 66 82 61 83 89 71 32 72 50 41 63 29 35 32 76 63 74 7 71 25 82 29 21 10 28 35 83 35 77 49 39 86 44 75 55 10 70 92 76 38 98 96 73 55 35 64 48 71
31 12 70 2 93 96 43 62 81 56 27 80 44 56 87 83 35 26 15 12 69 87 49 62 18 40 6 29 95 82 75 6 42 68 86 62 0 2 94 4 12 44 88 24 59 98 87 73 45 97 95 12 4 56 36 48 78 98 47 7 42 80 12 98 20 46 90 62 86 25 10 65 43 35 72 12 1 45 80 46 39 34 84 62 2 22 98 80 89 57 32 65 38 79 33 69 62 58 35 89
47 4 87 41 6 59 71 34 25 42 34 94 52 0 32 57 25 13 64 91 84 41 72 79 39 60 46 97 17 69 40 57 81 16 37 9 19 54 81 81 43 27 72 40 14 36 41 78 61 48 8 21 37 10 12 73 30 10 58 49 97 56 17 41 63 91 90 49 71 88 6 66 0 98 19 19 32 87 84 64 8 71 41 57 56 84 47 25 44 50 97 96 50 98 98 58 26 99 49 37
65 54 13 37 97 48 90 97 53 45 40 19 17 36 18 49 16 13 62 76 41 65 41 26 66 92 17 57 14 69 38 38 66 60 99 16 28 83 14 79 84 38 50 69 57 18 77 25 46 11 96 20 55 61 80 11 93 0 83 33 49 55 26 70 93 21 65 99 66 68 10 32 4 7 81 9 89 68 75 82 3 89 63 87 10 0 64 83 74 36 55 40 24 81 95 21 76 14 55 46
67 8 13 48 91 38 96 3 15 59 6 6 98 46 15 29 4 5 19 86 50 79 37 57 60 61 84 69 60 28 79 60 5 42 11 99 98 60 48 58 35 35 14 14 34 90 79 96 5 57 44 18 24 58 6 69 12 19 3 67 66 33 30 31 40 14 68 65 47 86 52 49 20 82 52 5 76 46 79 16 82 87 17 22 94 47 18 11 28 5 89 54 22 61 47 24 66 85 84 25
52 31 93 50 14 60 0 52 9 50 70 33 30 27 20 85 73 71 30 63 73 94 56 51 6 89 91 98 1 3 87 8 74 75 87 16 12 94 77 25 51 28 72 48 85 59 77 62 55 49 81 57 98 45 31 61 89 24 2 65 43 37 95 14 18 92 9 89 6 14 70 95 90 48 47 47 42 77 72 14 21 81 57 72 19 36 21 18 10 15 98 62 32 91 98 36 66 2 84 86
66 49 55 76 18 22 8 1 69 37 44 99 53 28 58 41 78 84 88 17 78 99 87 53 32 82 41 36 70 0 33 26 36 18 34 33 78 91 53 90 92 93 9 63 62 69 75 85 26 43 29 97 91 98 53 44 38 44 94 36 30 18 57 64 85 15 43 73 50 71 57 64 97 54 30 12 36 15 23 1 20 36 17 92 97 72 49 43 81 17 60 46 97 88 19 2 21 2 58 26
83 48 8 37 44 11 27 64 2 70 30 5 63 36 20 0 62 81 61 29 86 47 45 94 98 36 13 80 84 79 2 37 34 47 14 66 90 74 21 82 98 18 61 95 25 17 18 14 99 50 66 7 74 16 87 99 57 78 61 47 40 85 9 96 60 86 73 14 94 50 29 29 68 60 65 4 48 88 36 97 52 31 39 84 0 20 17 35 86 46 81 76 31 2 92 29 76 20 7 84
54 42 28 72 91 98 76 44 72 48 24 96 61 69 63 19 21 55 47 17 48 30 17 45 60 41 26 97 58 59 52 78 23 86 83 78 71 83 72 91 45 39 37 91 62 88 78 24 47 22 29 43 52 86 57 98 21 97 97 76 4 74 76 41 76 64 97 27 25 38 10 78 91 25 36 0 97 96 71 21 52 14 0 96 40 29 58 69 94 5 59 36 45 52 74 58 20 76 73 33
64 84 42 4 4 48 50 31 71 34 11 62 93 7 4 41 61 38 41 85 59 99 34 66 49 44 45 40 80 55 1 90 32 63 19 67 16 74 96 77 86 85 31 64 97 56 80 4 33 86 9 18 22 42 23 34 75 49 95 91 99 1 74 51 65 34 61 25 74 27 85 72 36 9 45 58 57 75 42 19 79 69 4 22 56 17 74 76 60 19 56 56 4 93 19 93 7 52 52 94
72 98 74 7 38 13 57 59 18 94 88 82 76 70 13 23 60 70 78 98 99 75 44 55 46 15 6 66 1 77 3 53 26 64 9 29 62 45 60 20 86 6 55 7 16 70 67 59 5 72 31 32 78 60 3 83 89 71 81 14 39 8 99 93 28 12 44 40 65 97 86 55 45 26 39 76 5 62 38 51 93 83 60 52 15 71 40 48 54 25 5 92 29 29 92 65 9 26 53 36
81 26 87 37 4 10 97 38 89 83 79 86 15 51 72 95 31 63 87 6 82 7 41 51 68 18 30 5 91 71 82 77 98 38 49 41 11 92 13 36 34 3 33 82 9 39 4 85 72 33 84 17 41 2 19 43 34 43 68 3 56 51 85 62 63 76 59 84 30 54 24 37 40 7 10 48 37 84 89 34 78 73 37 17 82 75 76 8 53 93 92 76 35 89 86 1 30 31 46 16
86 89 29 44 2 13 25 18 4 3 13 37 63 53 4 64 85 43 28 55 89 10 43 33 83 7 57 82 14 15 95 70 72 24 7 31 97 8 93 91 62 24 11 16 93 40 54 41 49 14 48 60 47 97 23 14 82 19 59 93 78 43 52 96 27 49 9 88 29 37 66 40 96 38 56 94 12 22 34 43 3 89 0 14 77 28 83 26 37 59 66 14 55 83 21 6 42 52 13 17
41 87 53 54 65 90 12 4 31 27 37 84 35 63 31 47 57 75 91 5 88 84 40 14 36 64 28 0 82 69 38 35 35 34 46 11 54 24 92 7 49 66 86 4 70 8 10 69 61 82 60 21 50 49 16 78 79 88 78 9 66 62 48 29 22 40 94 63 91 55 76 43 49 3 98 34 45 2 98 83 82 78 36 64 73 22 32 26 48 9 74 94 9 87 73 37 81 51 89 24
13 43 71 91 12 92 57 54 22 41 39 73 17 50 15 42 69 98 94 31 13 2 36 44 87 91 21 12 3 41 82 20 69 71 6 68 54 20 26 52 19 66 48 6 53 35 70 56 70 83 23 68 43 87 65 95 9 78 98 97 51 87 96 56 49 78 40 59 15 89 94 49 25 45 97 62 85 24 26 96 26 19 81 90 54 58 31 10 39 40 37 17 99 80 80 51 36 69 70 9
9 75 48 97 62 35 49 63 83 69 92 43 72 20 71 48 10 86 66 81 24 1 59 70 76 39 28 42 66 91 13 33 34 95 33 64 53 75 25 17 69 15 62 86 92 18 56 75 26 72 47 93 44 27 72 69 9 68 68 45 22 21 1 52 73 70 56 75 79 45 41 19 13 3 99 13 38 63 55 35 58 83 6 16 89 89 45 13 83 84 45 68 26 88 7 56 49 32 93 57
22 50 10 50 88 9 86 26 33 24 56 72 98 64 89 36 38 19 76 85 13 46 93 66 23 79 37 45 97 28 50 14 23 87 91 9 85 8 17 32 62 30 26 94 66 80 35 51 86 79 93 23 24 40 48 96 40 63 6 8 5 26 11 79 82 87 91 55 99 21 76 71 42 40 25 26 97 83 7 91 66 79 25 23 74 24 71 94 26 25 35 8 90 63 90 4 85 36 34 27
50 95 75 3 55 77 75 71 47 95 13 15 17 2 50 56 28 42 34 87 56 87 87 77 98 38 18 64 55 43 5 47 19 67 21 41 61 75 32 14 49 34 2 77 65 77 74 70 92 66 57 79 67 27 87 24 85 31 11 69 13 5 88 75 48 43 38 99 98 82 69 55 0 4 69 1 1 14 48 77 75 81 16 84 80 79 27 56 44 34 12 7 1 99 8 43 31 7 18 30
86 20 37 26 38 98 20 19 11 21 74 74 59 49 41 43 0 36 99 69 1 63 10 79 89 41 77 9 84 46 79 21 5 80 10 8 43 61 37 32 40 54 90 6 90 31 71 19 88 25 58 45 63 88 92 55 50 60 50 21 98 46 97 41 77 78 87 0 83 92 25 58 88 95 30 36 1 64 29 54 65 34 70 63 69 11 52 9 51 48 77 75 71 22 17 68 79 24 39 15
97 83 36 84 94 2 57 76 92 68 4 27 1 53 48 25 65 50 39 95 99 88 47 3 26 93 96 43 0 40 16 17 32 1 1 18 99 66 22 13 98 64 18 20 19 16 67 88 96 81 41 20 45 41 67 5 60 87 72 71 65 83 61 10 42 28 37 57 36 93 83 91 89 57 61 87 88 9 79 31 9 11 26 92 11 87 58 23 79 7 16 25 43 76 45 48 46 64 19 77
39 16 31 86 83 19 47 70 72 55 5 2 55 45 42 86 39 45 22 39 88 9 16 62 5 98 78 81 6 76 16 12 75 12 37 80 67 24 24 72 96 96 64 91 75 17 66 59 67 12 40 5 6 13 80 36 42 83 82 41 16 55 37 97 74 11 45 60 13 52 77 17 70 21 52 67 30 93 1 41 70 68 68 51 41 14 65 96 10 46 84 69 51 33 1 93 47 5 38 15
80 4 69 31 59 91 63 65 57 90 94 77 46 90 57 75 42 37 68 81 72 91 44 62 78 99 28 76 9 12 43 54 20 28 19 93 55 42 57 54 18 86 87 42 79 96 35 37 71 48 58 73 57 17 10 89 80 19 78 59 19 16 32 18 60 95 54 13 46 21 39 77 8 7 3 35 53 91 38 98 20 33 60 69 4 74 6 91 39 25 40 4 98 27 2 80 98 86 27 83
76 41 90 99 73 41 55 49 36 25 7 36 67 46 22 29 23 84 5 4 86 86 18 87 43 95 65 62 4 32 74 72 73 27 20 35 70 76 98 45 57 88 35 9 16 46 55 70 36 6 8 4 91 36 48 29 25 36 86 82 3 5 94 34 45 33 58 73 37 34 31 33 39 25 98 84 3 71 95 56 51 28 55 38 45 30 89 72 10 60 79 3 95 43 90 86 4 58 2 2
34 33 95 90 75 25 27 99 73 13 69 43 4 35 70 69 89 76 43 1 9 63 66 41 92 96 60 68 56 51 85 61 14 83 18 12 91 52 34 10 13 6 27 59 58 83 58 58 96 61 99 93 27 13 69 0 28 13 4 26 73 56 79 41 37 35 54 49 50 87 67 85 74 22 50 99 49 51 20 84 1 41 13 80 31 44 15 24 57 49 65 31 43 43 91 20 39 41 69 69
99 29 81 3 88 90 88 61 14 52 48 81 47 88 64 78 48 87 17 41 17 68 27 27 16 56 79 56 6 59 79 97 30 36 99 81 25 51 59 20 1 11 22 26 34 1 38 56 76 41 89 46 18 74 90 56 41 82 76 87 34 96 54 47 47 49 14 55 19 18 12 31 29 17 40 51 62 83 28 12 83 87 6 21 8 82 25 85 17 12 38 74 59 96 38 68 92 62 61 30
58 47 51 45 68 37 22 62 39 6 38 85 48 16 90 65 73 22 12 18 62 6 61 30 76 84 51 28 21 99 38 86 14 18 43 20 11 87 86 2 52 55 82 28 46 70 43 0 68 93 60 60 8 76 53 76 6 31 69 68 42 15 96 12 54 67 36 19 53 55 42 17 10 32 23 60 4 80 63 77 28 76 80 98 4 43 25 66 79 8 45 3 65 73 68 83 73 48 95 57
40 25 54 72 41 69 57 26 35 7 76 12 2 73 67 8 31 41 70 0 43 43 11 31 26 71 73 30 40 16 63 26 92 27 15 74 94 39 45 57 59 46 41 92 72 19 29 81 61 38 66 66 53 20 6 58 98 20 97 91 45 50 52 85 65 49 61 42 69 5 11 55 77 56 2 42 17 79 20 7 68 17 40 80 49 38 79 59 78 7 56 57 3 25 82 8 54 29 26 94
93 97 51 42 98 93 86 40 47 36 37 38 56 43 38 65 46 1 86 55 42 20 49 74 87 21 42 12 42 80 66 19 88 94 58 63 53 5 77 31 76 1 99 66 62 46 5 88 92 71 49 86 67 27 83 89 24 61 54 37 45 13 83 98 92 83 51 33 54 5 41 21 45 92 56 17 94 39 91 76 98 65 36 3 24 26 29 20 68 58 81 89 95 11 61 80 5 41 52 62
51 54 21 94 34 13 11 80 50 27 25 31 86 22 87 68 9 90 42 20 32 94 95 65 42 80 0 27 34 89 75 32 10 75 79 70 3 99 76 13 0 17 63 64 81 58 58 73 8 97 10 7 51 88 42 92 95 66 80 36 26 87 1 13 67 87 10 57 33 60 86 28 26 9 48 42 98 48 33 78 62 89 21 84 70 63 77 91 86 94 60 75 15 7 21 17 84 10 60 47
66 53 46 56 9 36 85 84 98 93 76 38 75 45 93 34 46 50 53 7 21 39 18 97 90 37 67 96 6 44 74 84 6 20 44 57 70 94 74 41 72 0 56 99 70 7 75 93 7 2 68 31 25 30 20 19 17 11 46 92 55 89 5 49 82 26 39 5 77 91 21 38 81 11 59 65 31 98 99 65 26 70 36 43 81 90 24 14 95 54 27 62 36 2 63 58 84 36 96 21
4 92 96 46 94 23 71 64 2 7 12 57 67 6 39 93 93 0 77 53 0 81 26 47 70 83 1 60 91 1 1 41 64 83 74 45 80 69 27 68 26 11 47 75 7 57 2 98 85 94 57 94 75 93 3 12 57 58 82 33 40 79 81 62 0 83 44 13 56 39 34 0 97 62 88 38 49 64 66 23 23 3 37 13 81 33 52 7 35 30 25 18 39 63 94 97 9 77 56 88
61 56 0 51 2 2 75 85 73 66 45 61 70 23 13 13 2 92 35 11 90 36 3 92 1 26 70 64 0 29 73 24 55 10 16 30 26 72 2 13 69 20 62 6 13 0 39 79 79 38 84 99 98 41 25 73 71 93 57 37 19 72 42 36 55 29 54 8 5 72 32 79 24 20 74 4 58 18 79 57 9 74 83 56 92 24 95 11 74 67 12 12 34 37 67 26 5 87 74 51
76 56 33 31 30 10 51 81 79 44 22 37 15 99 3 60 38 20 51 80 44 30 40 88 19 8 60 57 14 54 79 70 49 13 93 98 20 6 48 87 3 14 70 65 11 47 53 10 69 8 89 34 58 46 49 15 36 41 98 46 20 54 73 35 78 83 97 6 89 20 93 13 27 28 22 65 97 26 75 40 76 5 4 8 18 79 75 42 89 95 1 93 73 47 60 7 43 75 47 23
60 68 18 50 21 62 64 37 28 75 15 21 72 52 64 88 64 10 86 96 85 63 84 63 48 83 81 55 37 88 53 25 24 74 73 5 91 14 5 18 12 94 2 14 7 6 35 6 39 55 26 33 92 13 68 72 50 89 85 35 6 39 35 13 61 99 81 14 1 35 16 71 40 52 21 53 66 2 40 26 27 20 5 50 18 72 15 83 43 72 62 66 16 65 2 8 5 11 55 70
26 40 28 99 21 86 80 94 76 34 41 85 20 11 80 78 46 79 30 50 93 14 80 9 98 47 2 29 89 85 82 16 99 22 23 95 86 91 98 44 14 29 34 30 67 0 97 4 87 98 12 92 3 51 26 26 79 11 52 34 60 48 81 2 22 91 95 25 94 25 74 63 81 32 47 63 75 86 80 29 14 3 0 10 10 0 90 58 77 86 96 52 91 36 19 86 89 49 47 2
4 86 51 50 83 4 95 4 59 55 17 76 36 78 96 52 15 87 79 60 62 56 15 96 45 32 0 82 14 15 57 62 41 72 44 3 38 77 26 87 28 60 96 30 97 98 28 97 6 70 60 80 82 19 30 23 51 89 96 61 99 70 23 10 18 68 31 94 94 46 89 22 24 96 95 34 51 87 30 86 38 36 18 74 68 38 22 59 63 3 92 64 12 96 55 4 56 20 87 97
21 93 95 14 75 37 38 4 71 42 68 40 87 87 25 70 34 68 25 3 80 90 24 14 9 2 20 40 50 8 20 52 10 45 8 31 54 71 93 8 17 77 48 29 71 96 9 51 17 71 32 92 56 74 78 53 31 0 80 35 85 33 13 79 57 45 18 10 21 13 65 68 87 43 15 14 57 1 2 4 33 49 41 75 2 43 69 62 71 37 14 74 17 22 95 94 82 67 28 41
49 93 27 13 30 23 64 55 74 92 80 77 68 43 84 99 88 61 99 61 5 71 49 47 21 87 62 95 5 90 88 15 13 30 46 47 95 17 58 24 12 41 17 77 69 28 80 39 32 42 1 58 95 0 68 96 17 30 55 54 1 70 38 45 0 3 81 5 18 74 49 10 5 36 74 39 43 62 79 46 60 11 69 60 56 3 12 75 96 61 71 53 60 31 0 42 28 49 24 15
3 96 33 33 18 8 65 38 65 14 69 23 21 42 35 42 71 33 39 67 6 80 80 88 90 97 37 41 55 81 39 64 25 41 58 39 22 56 77 75 78 49 66 47 44 10 42 91 50 14 99 34 35 36 40 0 13 76 93 48 79 13 27 33 87 96 26 28 45 18 55 87 58 79 78 1 87 47 13 7 23 75 19 14 6 59 44 70 98 96 32 40 61 12 98 79 68 84 66 25
20 11 96 71 76 32 72 31 16 28 96 75 6 20 47 45 70 99 81 21 38 28 1 21 25 42 10 78 13 90 54 70 40 39 94 75 34 68 14 82 45 10 54 43 9 54 51 75 59 49 17 40 45 50 37 46 46 97 67 72 46 58 59 91 46 15 77 40 76 58 17 83 48 28 3 14 61 65 55 96 65 68 56 50 24 80 4 7 94 59 70 45 64 28 61 21 15 98 43 94
72 24 2 18 9 97 35 43 28 47 94 77 71 18 84 57 89 85 58 6 58 8 26 68 81 68 32 26 36 92 54 40 6 65 71 89 64 77 38 19 15 46 44 44 82 68 28 83 70 47 59 86 67 53 84 16 6 28 39 64 5 23 66 79 60 70 52 53 20 59 44 60 40 80 87 14 21 39 93 6 13 34 27 45 4 47 0 30 97 24 48 11 99 89 67 34 30 82 2 18
51 52 17 22 53 60 94 93 73 97 79 66 75 51 18 77 80 85 37 97 96 59 89 93 60 2 95 75 11 95 88 56 2 52 49 2 97 73 13 99 8 55 72 55 85 85 23 3 37 38 86 16 82 23 90 21 67 57 62 59 25 93 57 28 73 41 16 51 20 31 30 7 70 11 80 27 15 17 22 85 39 31 1 80 87 63 5 76 86 39 11 5 46 62 42 19 58 20 69 59
93 63 23 67 69 48 94 81 95 26 64 75 18 46 32 88 4 35 37 46 20 16 49 78 43 57 26 97 19 33 75 46 36 88 87 91 23 15 72 20 89 66 8 72 95 20 67 12 93 41 90 25 2 97 5 43 44 88 53 73 60 21 26 38 83 3 83 95 93 84 77 94 58 1 40 7 91 19 11 23 81 51 41 43 23 16 97 65 33 11 48 52 1 57 56 68 6 36 93 99
28 35 49 20 30 97 34 91 72 67 49 6 74 42 21 61 72 93 65 60 83 9 81 5 56 32 88 76 48 17 31 5 76 5 46 55 55 82 81 58 52 93 39 86 74 12 51 37 58 3 65 39 62 97 29 60 10 15 20 25 68 44 76 66 80 39 11 69 98 91 94 51 4 13 0 75 35 6 91 49 66 26 79 84 62 36 64 55 18 31 16 20 94 29 30 52 39 14 65 29
35 58 5 46 41 71 69 95 11 3 46 9 57 52 79 60 1 35 79 83 4 37 0 38 10 26 84 3 57 68 84 35 61 74 61 7 51 0 17 9 19 74 73 67 58 70 24 21 22 44 40 66 19 62 3 19 78 23 23 2 67 6 75 9 21 59 96 52 41 48 18 66 16 70 55 41 7 80 41 52 46 19 91 13 22 67 29 26 1 64 46 40 43 41 68 60 58 53 89 42
6 62 43 39 51 71 73 1 1 42 24 31 4 98 76 77 74 45 37 21 73 82 78 18 28 26 67 66 68 55 76 95 11 3 0 13 86 36 10 43 18 35 48 87 58 82 45 68 46 64 29 10 76 55 97 90 35 14 99 56 94 11 88 16 0 78 62 12 85 57 86 99 40 67 64 90 41 47 73 78 47 8 57 20 72 45 2 65 85 69 44 18 54 20 82 19 93 21 99 29
51 4 44 46 45 15 7 60 98 28 63 98 22 58 73 75 93 12 26 88 22 95 17 72 67 87 43 38 0 46 89 59 74 94 83 35 96 37 82 55 74 11 30 29 37 81 81 46 62 63 20 42 51 66 16 25 12 51 55 61 87 19 89 47 25 20 81 25 47 81 29 63 79 21 50 68 60 25 67 34 26 5 25 42 32 42 60 71 10 47 3 70 51 28 44 74 22 96 35 59
